ID	Description	setSize	enrichmentScore	NES	pvalue	p.adjust	qvalue	rank	leading_edge	core_enrichment
GO:0006412	translation	43	0.434312670323883	2.68251884467643	1.3905604819795e-05	0.0027950265687788	0.00262742743700338	68	tags=95%, list=65%, signal=57%	Igf1/Rpl14/Rpl21/Rpl35/Rpl31/Rpsa/Rpl5/Rps27a/Rpl28/Rpl9/Eef1b2/Rpl38/Rps17/Eef2/Rpl17/Rpl27a/Rpl41/Rps3/Rps23/Eef1a1/Rxra/Rps18/Rps11/Rpl37/Rpl32/Rps16/Tnf/Rpl13/Rpl18a/Rpl36/Rps28/Rps9/Rpl10/Rpl37a/Vim/Rplp0/Rps14/Rps29/Rplp1/Rplp2/Rps19
GO:0043043	peptide biosynthetic process	43	0.434312670323883	2.68251884467643	1.3905604819795e-05	0.0027950265687788	0.00262742743700338	68	tags=95%, list=65%, signal=57%	Igf1/Rpl14/Rpl21/Rpl35/Rpl31/Rpsa/Rpl5/Rps27a/Rpl28/Rpl9/Eef1b2/Rpl38/Rps17/Eef2/Rpl17/Rpl27a/Rpl41/Rps3/Rps23/Eef1a1/Rxra/Rps18/Rps11/Rpl37/Rpl32/Rps16/Tnf/Rpl13/Rpl18a/Rpl36/Rps28/Rps9/Rpl10/Rpl37a/Vim/Rplp0/Rps14/Rps29/Rplp1/Rplp2/Rps19
